12.3658274942841, 115.3136770771249;
6.5848369958941, 114.4465285023664;
6.5848369958941, 121.6727666253539;
11.4986789195256, 122.8289647250319;
12.4792599783802, 127.1025230420972;
17.9060158311492, 131.9263060223363;
25.1416903015079, 135.0919136031182;
32.3773647718665, 136.4486025663104;
37.8041206246355, 136.4486025663104;
42.3264171686096, 135.996372911913;
49.5620916389683, 135.2426568212507;
55.4410771461347, 133.8859678580584;
59.5111440357114, 132.5292788948662;
64.3349270159505, 131.0218467135415;
69.0079667780571, 128.006982350892;
70.9212190751032, 129.5250828812159;
68.3355413645332, 131.9709942290523;
65, 135;
61.9062886787916, 136.5134010178915;
55.197503267583, 138.6098964588942;
47.160937410406, 138.7496628216277;
43.2298921426689, 137.2298199427576;
45.5832153002318, 138.432629556623;
47.5704659666182, 135.6086417675476;
49.4008284225004, 131.8956207856151;
46.0538799317444, 131.5818443646068;
43.7005567741815, 133.464502890657;
45.3582909377061, 131.4612307105581;
44.6346090134123, 130.898366991663;
40.8955857378945, 133.6724810347892;
43.388267921573, 130.4561169268168;
42.1419268297337, 128.6469121160823;
38.9255627217614, 132.7879809050968;
41.6594722135379, 127.9634347431382;
40.6543584297965, 125.2697298027113;
43.8305179864192, 123.0584794784803;
47.0468820943916, 121.4502974244941;
54.8867696075743, 119.6812971651093;
60.7968386559735, 119.3596607543121;
65.6615893692818, 120.1637517813052;
68.1140670016107, 120.4451836407528;
72.4179463384547, 120.310379808176;
71.1045466993176, 122.9371790864502;
68.4206430889069, 125.4497697004517;
63.4525661930405, 128.4191949715442;
64.1949225108137, 126.1350216860884;
63.6238791894497, 123.4511180756778;
62.1391665539034, 121.5095707830403;
58.4273849650377, 120.8243187974036;
55.7434813546271, 121.8521967758587;
53.5164124013076, 123.907952732769;
52.4314300907161, 126.3063346824976;
52.7740560835345, 129.0473426250446;
54.8298120404447, 130.9317855855457;
57.9705503079465, 130.3036379320453;
61.2254972397211, 129.2757599535902;
62.0249578896306, 131.4457245747732;
66.3077827998603, 129.5041772821358;
70.8391804225141, 126.0132080017416;
75, 120;
79.4812308651032, 120.8421450319956;
85.5023315833005, 122.3297110917856;
92.3734700499493, 121.0546544691085;
97.3320235825824, 119.0712330560552;
102.0118863736805, 122.1100142147026;
107.2281549806979, 125.3578795737889;
114.8065074852327, 127.2278626593235;
116.5780704083707, 130.0820473688236;
121.2038180410089, 132.0504506167547;
126.0264059984401, 132.9362320783237;
130.8489939558713, 132.8378119159272;
135.3763214261129, 131.7551901295651;
140, 130;
142.7578336058546, 127.7199634713063;
146.5962199393203, 124.668938437013;
144.7262368537857, 123.9799973002371;
142.0688924690787, 125.9484005481683;
140.3957497083373, 121.7163335651164;
142.5609932810615, 120.240031129168;
146.1041191273375, 117.6811069068576;
144.1357158794064, 116.1063843085127;
140, 115;
132.7189770414059, 113.2521995990126;
125.829565673647, 113.3506197614091;
117.7591123571294, 116.1063843085127;
111.8539026133361, 116.7953254452886;
115.1017679724224, 122.2084343770991;
118.5464736563018, 124.9641989242027;
121.7943390153882, 126.3420811977545;
126.715347135216, 125.9484005481683;
128.9790108703368, 125.2594594113924;
130.9474141182679, 122.5036948642888;